1.019859996428844395e+00 2.672943940654475426e-03 2.298584390040116985e-06
1.283952228669986928e+00 -6.322043883739582445e-04 1.525946073568828600e-06
1.615815563889547057e+00 1.614266533922825220e-04 1.025844080272512955e-06
2.033571683402387364e+00 -7.802841452210487944e-05 7.015849594125108179e-07
2.559643891867452226e+00 4.346889397566394730e-05 4.850933822027597268e-07
3.221354823179644278e+00 -8.394057373111013238e-05 3.406531746231672172e-07
4.052129802890618748e+00 -2.924032290667222746e-05 2.473426936812734879e-07
5.095348426127382702e+00 8.519018976354477844e-05 1.906458639407060873e-07
6.399686526047787538e+00 1.375671912872612648e-05 1.616035725104414348e-07
8.017405045457770996e+00 -4.136292689971154013e-05 1.632094786635857306e-07
